0.500000 2.578527
1.000000 2.656976
1.500000 2.735271
2.000000 2.813333
2.500000 2.891086
3.000000 2.968453
3.500000 3.045358
4.000000 3.121725
4.500000 3.197478
5.000000 3.272542
5.500000 3.346845
6.000000 3.420311
6.500000 3.492870
7.000000 3.564448
7.500000 3.634976
8.000000 3.704384
8.500000 3.772604
9.000000 3.839567
9.500000 3.905208
10.000000 3.969463
10.500000 4.032268
11.000000 4.093560
11.500000 4.153280
12.000000 4.211368
12.500000 4.267767
13.000000 4.322422
13.500000 4.375278
14.000000 4.426283
14.500000 4.475388
15.000000 4.522542
15.500000 4.567701
16.000000 4.610820
16.500000 4.651855
17.000000 4.690767
17.500000 4.727516
18.000000 4.762068
18.500000 4.794387
19.000000 4.824441
19.500000 4.852202
20.000000 4.877641
20.500000 4.900734
21.000000 4.921458
21.500000 4.939792
22.000000 4.955718
22.500000 4.969221
23.000000 4.980287
23.500000 4.988905
24.000000 4.995067
24.500000 4.998766
25.000000 5.000000
25.500000 4.998766
26.000000 4.995067
26.500000 4.988905
27.000000 4.980287
27.500000 4.969221
28.000000 4.955718
28.500000 4.939792
29.000000 4.921458
29.500000 4.900734
30.000000 4.877641
30.500000 4.852202
31.000000 4.824441
31.500000 4.794387
32.000000 4.762068
32.500000 4.727516
33.000000 4.690767
33.500000 4.651855
34.000000 4.610820
34.500000 4.567701
35.000000 4.522542
35.500000 4.475388
36.000000 4.426283
36.500000 4.375278
37.000000 4.322422
37.500000 4.267767
38.000000 4.211368
38.500000 4.153280
39.000000 4.093560
39.500000 4.032268
40.000000 3.969463
40.500000 3.905208
41.000000 3.839567
41.500000 3.772604
42.000000 3.704384
42.500000 3.634976
43.000000 3.564448
43.500000 3.492870
44.000000 3.420311
44.500000 3.346845
45.000000 3.272542
45.500000 3.197478
46.000000 3.121725
46.500000 3.045358
47.000000 2.968453
47.500000 2.891086
48.000000 2.813333
48.500000 2.735271
49.000000 2.656976
49.500000 2.578527
50.000000 2.500000
50.500000 2.421473
51.000000 2.343024
51.500000 2.264729
52.000000 2.186667
52.500000 2.108914
53.000000 2.031547
53.500000 1.954642
54.000000 1.878275
54.500000 1.802522
55.000000 1.727458
55.500000 1.653155
56.000000 1.579689
56.500000 1.507130
57.000000 1.435552
57.500000 1.365024
58.000000 1.295616
58.500000 1.227396
59.000000 1.160433
59.500000 1.094792
60.000000 1.030537
60.500000 0.967732
61.000000 0.906440
61.500000 0.846720
62.000000 0.788632
62.500000 0.732233
63.000000 0.677578
63.500000 0.624722
64.000000 0.573717
64.500000 0.524612
65.000000 0.477458
65.500000 0.432299
66.000000 0.389180
66.500000 0.348145
67.000000 0.309233
67.500000 0.272484
68.000000 0.237932
68.500000 0.205613
69.000000 0.175559
69.500000 0.147798
70.000000 0.122359
70.500000 0.099266
71.000000 0.078542
71.500000 0.060208
72.000000 0.044282
72.500000 0.030779
73.000000 0.019713
73.500000 0.011095
74.000000 0.004933
74.500000 0.001234
75.000000 0.000000
75.500000 0.001234
76.000000 0.004933
76.500000 0.011095
77.000000 0.019713
77.500000 0.030779
78.000000 0.044282
78.500000 0.060208
79.000000 0.078542
79.500000 0.099266
80.000000 0.122359
80.500000 0.147798
81.000000 0.175559
81.500000 0.205613
82.000000 0.237932
82.500000 0.272484
83.000000 0.309233
83.500000 0.348145
84.000000 0.389180
84.500000 0.432299
85.000000 0.477458
85.500000 0.524612
86.000000 0.573717
86.500000 0.624722
87.000000 0.677578
87.500000 0.732233
88.000000 0.788632
88.500000 0.846720
89.000000 0.906440
89.500000 0.967732
90.000000 1.030537
90.500000 1.094792
91.000000 1.160433
91.500000 1.227396
92.000000 1.295616
92.500000 1.365024
93.000000 1.435552
93.500000 1.507130
94.000000 1.579689
94.500000 1.653155
95.000000 1.727458
95.500000 1.802522
96.000000 1.878275
96.500000 1.954642
97.000000 2.031547
97.500000 2.108914
98.000000 2.186667
98.500000 2.264729
99.000000 2.343024
99.500000 2.421473
100.000000 2.500000
100.500000 2.578527
101.000000 2.656976
101.500000 2.735271
102.000000 2.813333
102.500000 2.891086
103.000000 2.968453
103.500000 3.045358
104.000000 3.121725
104.500000 3.197478
105.000000 3.272542
105.500000 3.346845
106.000000 3.420311
106.500000 3.492870
107.000000 3.564448
107.500000 3.634976
108.000000 3.704384
108.500000 3.772604
109.000000 3.839567
109.500000 3.905208
110.000000 3.969463
110.500000 4.032268
111.000000 4.093560
111.500000 4.153280
112.000000 4.211368
112.500000 4.267767
113.000000 4.322422
113.500000 4.375278
114.000000 4.426283
114.500000 4.475388
115.000000 4.522542
115.500000 4.567701
116.000000 4.610820
116.500000 4.651855
117.000000 4.690767
117.500000 4.727516
118.000000 4.762068
118.500000 4.794387
119.000000 4.824441
119.500000 4.852202
120.000000 4.877641
120.500000 4.900734
121.000000 4.921458
121.500000 4.939792
122.000000 4.955718
122.500000 4.969221
123.000000 4.980287
123.500000 4.988905
124.000000 4.995067
124.500000 4.998766
125.000000 5.000000
125.500000 4.998766
126.000000 4.995067
126.500000 4.988905
127.000000 4.980287
127.500000 4.969221
128.000000 4.955718
128.500000 4.939792
129.000000 4.921458
129.500000 4.900734
130.000000 4.877641
130.500000 4.852202
131.000000 4.824441
131.500000 4.794387
132.000000 4.762068
132.500000 4.727516
133.000000 4.690767
133.500000 4.651855
134.000000 4.610820
134.500000 4.567701
135.000000 4.522542
135.500000 4.475388
136.000000 4.426283
136.500000 4.375278
137.000000 4.322422
137.500000 4.267767
138.000000 4.211368
138.500000 4.153280
139.000000 4.093560
139.500000 4.032268
140.000000 3.969463
140.500000 3.905208
141.000000 3.839567
141.500000 3.772604
142.000000 3.704384
142.500000 3.634976
143.000000 3.564448
143.500000 3.492870
144.000000 3.420311
144.500000 3.346845
145.000000 3.272542
145.500000 3.197478
146.000000 3.121725
146.500000 3.045358
147.000000 2.968453
147.500000 2.891086
148.000000 2.813333
148.500000 2.735271
149.000000 2.656976
149.500000 2.578527
150.000000 2.500000
150.500000 2.421473
151.000000 2.343024
151.500000 2.264729
152.000000 2.186667
152.500000 2.108914
153.000000 2.031547
153.500000 1.954642
154.000000 1.878275
154.500000 1.802522
155.000000 1.727458
155.500000 1.653155
156.000000 1.579689
156.500000 1.507130
157.000000 1.435552
157.500000 1.365024
158.000000 1.295616
158.500000 1.227396
159.000000 1.160433
159.500000 1.094792
160.000000 1.030537
160.500000 0.967732
161.000000 0.906440
161.500000 0.846720
162.000000 0.788632
162.500000 0.732233
163.000000 0.677578
163.500000 0.624722
164.000000 0.573717
164.500000 0.524612
165.000000 0.477458
165.500000 0.432299
166.000000 0.389180
166.500000 0.348145
167.000000 0.309233
167.500000 0.272484
168.000000 0.237932
168.500000 0.205613
169.000000 0.175559
169.500000 0.147798
170.000000 0.122359
170.500000 0.099266
171.000000 0.078542
171.500000 0.060208
172.000000 0.044282
172.500000 0.030779
173.000000 0.019713
173.500000 0.011095
174.000000 0.004933
174.500000 0.001234
175.000000 0.000000
175.500000 0.001234
176.000000 0.004933
176.500000 0.011095
177.000000 0.019713
177.500000 0.030779
178.000000 0.044282
178.500000 0.060208
179.000000 0.078542
179.500000 0.099266
180.000000 0.122359
180.500000 0.147798
181.000000 0.175559
181.500000 0.205613
182.000000 0.237932
182.500000 0.272484
183.000000 0.309233
183.500000 0.348145
184.000000 0.389180
184.500000 0.432299
185.000000 0.477458
185.500000 0.524612
186.000000 0.573717
186.500000 0.624722
187.000000 0.677578
187.500000 0.732233
188.000000 0.788632
188.500000 0.846720
189.000000 0.906440
189.500000 0.967732
190.000000 1.030537
190.500000 1.094792
191.000000 1.160433
191.500000 1.227396
192.000000 1.295616
192.500000 1.365024
193.000000 1.435552
193.500000 1.507130
194.000000 1.579689
194.500000 1.653155
195.000000 1.727458
195.500000 1.802522
196.000000 1.878275
196.500000 1.954642
197.000000 2.031547
197.500000 2.108914
198.000000 2.186667
198.500000 2.264729
199.000000 2.343024
199.500000 2.421473
200.000000 2.500000
200.500000 2.578527
201.000000 2.656976
201.500000 2.735271
202.000000 2.813333
202.500000 2.891086
203.000000 2.968453
203.500000 3.045358
204.000000 3.121725
204.500000 3.197478
205.000000 3.272542
205.500000 3.346845
206.000000 3.420311
206.500000 3.492870
207.000000 3.564448
207.500000 3.634976
208.000000 3.704384
208.500000 3.772604
209.000000 3.839567
209.500000 3.905208
210.000000 3.969463
210.500000 4.032268
211.000000 4.093560
211.500000 4.153280
212.000000 4.211368
212.500000 4.267767
213.000000 4.322422
213.500000 4.375278
214.000000 4.426283
214.500000 4.475388
215.000000 4.522542
215.500000 4.567701
216.000000 4.610820
216.500000 4.651855
217.000000 4.690767
217.500000 4.727516
218.000000 4.762068
218.500000 4.794387
219.000000 4.824441
219.500000 4.852202
220.000000 4.877641
220.500000 4.900734
221.000000 4.921458
221.500000 4.939792
222.000000 4.955718
222.500000 4.969221
223.000000 4.980287
223.500000 4.988905
224.000000 4.995067
224.500000 4.998766
225.000000 5.000000
225.500000 4.998766
226.000000 4.995067
226.500000 4.988905
227.000000 4.980287
227.500000 4.969221
228.000000 4.955718
228.500000 4.939792
229.000000 4.921458
229.500000 4.900734
230.000000 4.877641
230.500000 4.852202
231.000000 4.824441
231.500000 4.794387
232.000000 4.762068
232.500000 4.727516
233.000000 4.690767
233.500000 4.651855
234.000000 4.610820
234.500000 4.567701
235.000000 4.522542
235.500000 4.475388
236.000000 4.426283
236.500000 4.375278
237.000000 4.322422
237.500000 4.267767
238.000000 4.211368
238.500000 4.153280
239.000000 4.093560
239.500000 4.032268
240.000000 3.969463
240.500000 3.905208
241.000000 3.839567
241.500000 3.772604
242.000000 3.704384
242.500000 3.634976
243.000000 3.564448
243.500000 3.492870
244.000000 3.420311
244.500000 3.346845
245.000000 3.272542
245.500000 3.197478
246.000000 3.121725
246.500000 3.045358
247.000000 2.968453
247.500000 2.891086
248.000000 2.813333
248.500000 2.735271
249.000000 2.656976
249.500000 2.578527
250.000000 2.500000
250.500000 2.421473
251.000000 2.343024
251.500000 2.264729
252.000000 2.186667
252.500000 2.108914
253.000000 2.031547
253.500000 1.954642
254.000000 1.878275
254.500000 1.802522
255.000000 1.727458
255.500000 1.653155
256.000000 1.579689
256.500000 1.507130
257.000000 1.435552
257.500000 1.365024
258.000000 1.295616
258.500000 1.227396
259.000000 1.160433
259.500000 1.094792
260.000000 1.030537
260.500000 0.967732
261.000000 0.906440
261.500000 0.846720
262.000000 0.788632
262.500000 0.732233
263.000000 0.677578
263.500000 0.624722
264.000000 0.573717
264.500000 0.524612
265.000000 0.477458
265.500000 0.432299
266.000000 0.389180
266.500000 0.348145
267.000000 0.309233
267.500000 0.272484
268.000000 0.237932
268.500000 0.205613
269.000000 0.175559
269.500000 0.147798
270.000000 0.122359
270.500000 0.099266
271.000000 0.078542
271.500000 0.060208
272.000000 0.044282
272.500000 0.030779
273.000000 0.019713
273.500000 0.011095
274.000000 0.004933
274.500000 0.001234
275.000000 0.000000
275.500000 0.001234
276.000000 0.004933
276.500000 0.011095
277.000000 0.019713
277.500000 0.030779
278.000000 0.044282
278.500000 0.060208
279.000000 0.078542
279.500000 0.099266
280.000000 0.122359
280.500000 0.147798
281.000000 0.175559
281.500000 0.205613
282.000000 0.237932
282.500000 0.272484
283.000000 0.309233
283.500000 0.348145
284.000000 0.389180
284.500000 0.432299
285.000000 0.477458
285.500000 0.524612
286.000000 0.573717
286.500000 0.624722
287.000000 0.677578
287.500000 0.732233
288.000000 0.788632
288.500000 0.846720
289.000000 0.906440
289.500000 0.967732
290.000000 1.030537
290.500000 1.094792
291.000000 1.160433
291.500000 1.227396
292.000000 1.295616
292.500000 1.365024
293.000000 1.435552
293.500000 1.507130
294.000000 1.579689
294.500000 1.653155
295.000000 1.727458
295.500000 1.802522
296.000000 1.878275
296.500000 1.954642
297.000000 2.031547
297.500000 2.108914
298.000000 2.186667
298.500000 2.264729
299.000000 2.343024
299.500000 2.421473
300.000000 2.500000
300.500000 2.578527
301.000000 2.656976
301.500000 2.735271
302.000000 2.813333
302.500000 2.891086
303.000000 2.968453
303.500000 3.045358
304.000000 3.121725
304.500000 3.197478
305.000000 3.272542
305.500000 3.346845
306.000000 3.420311
306.500000 3.492870
307.000000 3.564448
307.500000 3.634976
308.000000 3.704384
308.500000 3.772604
309.000000 3.839567
309.500000 3.905208
310.000000 3.969463
310.500000 4.032268
311.000000 4.093560
311.500000 4.153280
312.000000 4.211368
312.500000 4.267767
313.000000 4.322422
313.500000 4.375278
314.000000 4.426283
314.500000 4.475388
315.000000 4.522542
315.500000 4.567701
316.000000 4.610820
316.500000 4.651855
317.000000 4.690767
317.500000 4.727516
318.000000 4.762068
318.500000 4.794387
319.000000 4.824441
319.500000 4.852202
320.000000 4.877641
320.500000 4.900734
321.000000 4.921458
321.500000 4.939792
322.000000 4.955718
322.500000 4.969221
323.000000 4.980287
323.500000 4.988905
324.000000 4.995067
324.500000 4.998766
325.000000 5.000000
325.500000 4.998766
326.000000 4.995067
326.500000 4.988905
327.000000 4.980287
327.500000 4.969221
328.000000 4.955718
328.500000 4.939792
329.000000 4.921458
329.500000 4.900734
330.000000 4.877641
330.500000 4.852202
331.000000 4.824441
331.500000 4.794387
332.000000 4.762068
332.500000 4.727516
333.000000 4.690767
333.500000 4.651855
334.000000 4.610820
334.500000 4.567701
335.000000 4.522542
335.500000 4.475388
336.000000 4.426283
336.500000 4.375278
337.000000 4.322422
337.500000 4.267767
338.000000 4.211368
338.500000 4.153280
339.000000 4.093560
339.500000 4.032268
340.000000 3.969463
340.500000 3.905208
341.000000 3.839567
341.500000 3.772604
342.000000 3.704384
342.500000 3.634976
343.000000 3.564448
343.500000 3.492870
344.000000 3.420311
344.500000 3.346845
345.000000 3.272542
345.500000 3.197478
346.000000 3.121725
346.500000 3.045358
347.000000 2.968453
347.500000 2.891086
348.000000 2.813333
348.500000 2.735271
349.000000 2.656976
349.500000 2.578527
350.000000 2.500000
350.500000 2.421473
351.000000 2.343024
351.500000 2.264729
352.000000 2.186667
352.500000 2.108914
353.000000 2.031547
353.500000 1.954642
354.000000 1.878275
354.500000 1.802522
355.000000 1.727458
355.500000 1.653155
356.000000 1.579689
356.500000 1.507130
357.000000 1.435552
357.500000 1.365024
358.000000 1.295616
358.500000 1.227396
359.000000 1.160433
359.500000 1.094792
360.000000 1.030537
360.500000 0.967732
361.000000 0.906440
361.500000 0.846720
362.000000 0.788632
362.500000 0.732233
363.000000 0.677578
363.500000 0.624722
364.000000 0.573717
364.500000 0.524612
365.000000 0.477458
365.500000 0.432299
366.000000 0.389180
366.500000 0.348145
367.000000 0.309233
367.500000 0.272484
368.000000 0.237932
368.500000 0.205613
369.000000 0.175559
369.500000 0.147798
370.000000 0.122359
370.500000 0.099266
371.000000 0.078542
371.500000 0.060208
372.000000 0.044282
372.500000 0.030779
373.000000 0.019713
373.500000 0.011095
374.000000 0.004933
374.500000 0.001234
375.000000 0.000000
375.500000 0.001234
376.000000 0.004933
376.500000 0.011095
377.000000 0.019713
377.500000 0.030779
378.000000 0.044282
378.500000 0.060208
379.000000 0.078542
379.500000 0.099266
380.000000 0.122359
380.500000 0.147798
381.000000 0.175559
381.500000 0.205613
382.000000 0.237932
382.500000 0.272484
383.000000 0.309233
383.500000 0.348145
384.000000 0.389180
384.500000 0.432299
385.000000 0.477458
385.500000 0.524612
386.000000 0.573717
386.500000 0.624722
387.000000 0.677578
387.500000 0.732233
388.000000 0.788632
388.500000 0.846720
389.000000 0.906440
389.500000 0.967732
390.000000 1.030537
390.500000 1.094792
391.000000 1.160433
391.500000 1.227396
392.000000 1.295616
392.500000 1.365024
393.000000 1.435552
393.500000 1.507130
394.000000 1.579689
394.500000 1.653155
395.000000 1.727458
395.500000 1.802522
396.000000 1.878275
396.500000 1.954642
397.000000 2.031547
397.500000 2.108914
398.000000 2.186667
398.500000 2.264729
399.000000 2.343024
399.500000 2.421473
400.000000 2.500000
400.500000 2.578527
401.000000 2.656976
401.500000 2.735271
402.000000 2.813333
402.500000 2.891086
403.000000 2.968453
403.500000 3.045358
404.000000 3.121725
404.500000 3.197478
405.000000 3.272542
405.500000 3.346845
406.000000 3.420311
406.500000 3.492870
407.000000 3.564448
407.500000 3.634976
408.000000 3.704384
408.500000 3.772604
409.000000 3.839567
409.500000 3.905208
410.000000 3.969463
410.500000 4.032268
411.000000 4.093560
411.500000 4.153280
412.000000 4.211368
412.500000 4.267767
413.000000 4.322422
413.500000 4.375278
414.000000 4.426283
414.500000 4.475388
415.000000 4.522542
415.500000 4.567701
416.000000 4.610820
416.500000 4.651855
417.000000 4.690767
417.500000 4.727516
418.000000 4.762068
418.500000 4.794387
419.000000 4.824441
419.500000 4.852202
420.000000 4.877641
420.500000 4.900734
421.000000 4.921458
421.500000 4.939792
422.000000 4.955718
422.500000 4.969221
423.000000 4.980287
423.500000 4.988905
424.000000 4.995067
424.500000 4.998766
425.000000 5.000000
425.500000 4.998766
426.000000 4.995067
426.500000 4.988905
427.000000 4.980287
427.500000 4.969221
428.000000 4.955718
428.500000 4.939792
429.000000 4.921458
429.500000 4.900734
430.000000 4.877641
430.500000 4.852202
431.000000 4.824441
431.500000 4.794387
432.000000 4.762068
432.500000 4.727516
433.000000 4.690767
433.500000 4.651855
434.000000 4.610820
434.500000 4.567701
435.000000 4.522542
435.500000 4.475388
436.000000 4.426283
436.500000 4.375278
437.000000 4.322422
437.500000 4.267767
438.000000 4.211368
438.500000 4.153280
439.000000 4.093560
439.500000 4.032268
440.000000 3.969463
440.500000 3.905208
441.000000 3.839567
441.500000 3.772604
442.000000 3.704384
442.500000 3.634976
443.000000 3.564448
443.500000 3.492870
444.000000 3.420311
444.500000 3.346845
445.000000 3.272542
445.500000 3.197478
446.000000 3.121725
446.500000 3.045358
447.000000 2.968453
447.500000 2.891086
448.000000 2.813333
448.500000 2.735271
449.000000 2.656976
449.500000 2.578527
450.000000 2.500000
450.500000 2.421473
451.000000 2.343024
451.500000 2.264729
452.000000 2.186667
452.500000 2.108914
453.000000 2.031547
453.500000 1.954642
454.000000 1.878275
454.500000 1.802522
455.000000 1.727458
455.500000 1.653155
456.000000 1.579689
456.500000 1.507130
457.000000 1.435552
457.500000 1.365024
458.000000 1.295616
458.500000 1.227396
459.000000 1.160433
459.500000 1.094792
460.000000 1.030537
460.500000 0.967732
461.000000 0.906440
461.500000 0.846720
462.000000 0.788632
462.500000 0.732233
463.000000 0.677578
463.500000 0.624722
464.000000 0.573717
464.500000 0.524612
465.000000 0.477458
465.500000 0.432299
466.000000 0.389180
466.500000 0.348145
467.000000 0.309233
467.500000 0.272484
468.000000 0.237932
468.500000 0.205613
469.000000 0.175559
469.500000 0.147798
470.000000 0.122359
470.500000 0.099266
471.000000 0.078542
471.500000 0.060208
472.000000 0.044282
472.500000 0.030779
473.000000 0.019713
473.500000 0.011095
474.000000 0.004933
474.500000 0.001234
475.000000 0.000000
475.500000 0.001234
476.000000 0.004933
476.500000 0.011095
477.000000 0.019713
477.500000 0.030779
478.000000 0.044282
478.500000 0.060208
479.000000 0.078542
479.500000 0.099266
480.000000 0.122359
480.500000 0.147798
481.000000 0.175559
481.500000 0.205613
482.000000 0.237932
482.500000 0.272484
483.000000 0.309233
483.500000 0.348145
484.000000 0.389180
484.500000 0.432299
485.000000 0.477458
485.500000 0.524612
486.000000 0.573717
486.500000 0.624722
487.000000 0.677578
487.500000 0.732233
488.000000 0.788632
488.500000 0.846720
489.000000 0.906440
489.500000 0.967732
490.000000 1.030537
490.500000 1.094792
491.000000 1.160433
491.500000 1.227396
492.000000 1.295616
492.500000 1.365024
493.000000 1.435552
493.500000 1.507130
494.000000 1.579689
494.500000 1.653155
495.000000 1.727458
495.500000 1.802522
496.000000 1.878275
496.500000 1.954642
497.000000 2.031547
497.500000 2.108914
498.000000 2.186667
498.500000 2.264729
499.000000 2.343024
499.500000 2.421473
500.000000 2.500000
