0.000000 0.200000
0.000000 0.400000
0.000000 0.600000
0.000000 0.800000
0.000000 1.000000
0.000000 1.200000
0.000000 1.400000
0.000000 1.600000
0.000000 1.800000
0.000000 2.000000
0.000000 2.200000
0.000000 2.400000
0.000000 2.600000
0.000000 2.800000
0.000000 3.000000
0.000000 3.200000
0.000000 3.400000
0.000000 3.600000
0.000000 3.800000
0.000000 4.000000
0.000000 4.200000
0.000000 4.400000
0.000000 4.600000
0.000000 4.800000
0.000000 5.000000
0.000000 5.200000
0.000000 5.400000
0.000000 5.600000
0.000000 5.800000
0.000000 6.000000
0.000000 6.200000
0.000000 6.400000
0.000000 6.600000
0.000000 6.800000
0.000000 7.000000
0.000000 7.200000
0.000000 7.400000
0.000000 7.600000
0.000000 7.800000
0.000000 8.000000
0.000000 8.200000
0.070755 8.400000
0.141509 8.600000
0.283019 8.800000
0.509434 9.000000
0.820755 9.200000
1.202830 9.400000
1.655660 9.600000
2.179245 9.800000
2.915094 10.000000
3.169811 10.200000
3.169811 10.400000
3.183962 10.600000
3.169811 10.800000
3.183962 11.000000
3.198113 11.200000
3.183962 11.400000
3.169811 11.600000
3.169811 11.800000
3.198113 12.000000
3.155660 12.200000
2.150943 12.400000
2.066038 12.600000
2.108491 12.800000
1.910377 13.000000
1.372642 13.200000
1.089623 13.400000
0.750000 13.600000
0.438679 13.800000
0.127358 14.000000
0.000000 14.200000
0.000000 14.400000
0.000000 14.600000
0.000000 14.800000
0.000000 15.000000
0.000000 15.200000
0.000000 15.400000
0.000000 15.600000
0.000000 15.800000
0.000000 16.000000
0.000000 16.200000
0.000000 16.400000
0.481132 16.600000
1.683962 16.800000
3.169811 17.000000
3.155660 17.200000
3.198113 17.400000
3.183962 17.600000
3.169811 17.800000
3.169811 18.000000
2.547170 18.200000
1.839623 18.400000
1.259434 18.600000
0.919811 18.800000
0.537736 19.000000
0.183962 19.200000
0.000000 19.400000
0.000000 19.600000
0.000000 19.800000
0.000000 20.000000
